8323439463446495
2701188399656405
5095287064318478
8461142293443706
6127560601194200
4641317260830737
3900598479666164
3746048821780774
6185545515152963
1644811863043725
7080671307682365
3923190486753020
8318658054014761
9105307181394143
9363636421759740
6258847227545274
6599134862449395
5811248367981365
8157154998855190
5152320499626387
7880978482618284
9505887199313421
2611494376881928
4100138297537515
7822241460975569
7634127949125090
6890096211309925
9965551123759504
5051199121917964
5163377196260909
5239594163385093
6464558706011965
5810418126200891
5457240545644899
5244528146675397
3875475978985349
3429931649063099
8827771915954994
6786655572269593
2720035050986570
4732290340331010
7600248908330644
7885639518529482
8558206476826849
2851827254715339
3492860413520814
3737213425637066
7259201183161659
7721336641846812
7368807603372193
9540332470447306
6458317923038840
3415240352438589
5135999791612740
8337635493331698
8719402777036099
8920066567711560
3509692217930522
4185451586696720
2753393173267257
1400478872655891
9675235015969824
5254075840972610
5149995075606279
9650457415562285
5089397898807923
4795794546014274
7708721590810165
6795079276948122
3441434585390208
3687592133050070
5573998150836261
9568339187561599
1657119858370523
6204422388971407
6958828023375598
4086820810363069
3715984513187588
3952183162567511
1042767713700302
4175899174148441
8044810801424691
2517485831840702
4282175957101414
7111649025121422
7906087517957301
2914399810753928
1150417901016669
3834641430087103
7069328597256849
1192474616114586
5784233163517954
7568678155082227
9223288442992528
6288426735080639
4991926652269951
